896968941128253450
896968935541469214
896968390466478114
896968921830273054
896968944097820692
896968929371619350
896968919527608360
896968749721198593
896968919858962432
896968939207266414
896968919179460630
896968930462158848
896968943250575370
896968942290100284
896968928281120769
896968939677028363
896968948661235764
896968937223389214
896968943573553202
896968942076198932
896968748320309248
896968932118892546
896968918919438377
896968390328070213
896968924363644948
896968922455244821
896968390466478111
896968390328070205
896968938662023209
896968944068468747
896968929585545288
896968921356333106
896968930810265601
896968749326946324
896968941396717588
896968928968978483
896968390328070212
896968946350182440
896968924741115954
896968932672569364
896968927337406475
896968928734105630
896968746877485167
896968390328070206
896968920697810944
896968929338073188
896968942617264140
896968938422960149
896968924015509574
896968939790299157
896968919913492490
896968933729525801
896968748890718248
896968919754088488
896968931913388122
896968390328070208
896968390466478113
896968748408385610
896968948824805426
896968934257983489
896968926150402129
896968750568448061
896968940700454933
896968920236453950
896968926519509052
896968933742104596
896968747674370068
896968751281475654
896968938230009888
896968922375540796
896968923289878548
896968936313212968
896968944966049823
896968949021958156
896968747418546198
896968923684155422
896968921113059418
896968939517669457
896968936380330044
896968934958440448
896968920437760030
896968390328070207
896968746667749397
896968747699552257
896968935558230026
896968942780825600
896968936770400308
896968921989677056
896968930655096842
896968938469081128
896968747091382343
896968927953965107
896968927584845864
896968931087097917
896968939681222706
896968937391149066
896968934354460723
896968919271751690
896968947864330282
896968390328070210
896968390466478115
896968938385195070
896968940788535326
896968934857801760
896968750337765446
896968921444384868
896968750857850890
896968928549543976
896968749733797908
896968390328070211
896968927710679071
896968933368819723
896968926259470347
896968746843902022
896968390328070204
896968942348808252
896968941140860928
896968936753602571
896968939505061899
896968748496453662
896968927727476756
896968931447832636
896968947138703411
896968390328070209
896968748236435486
896968919095590932
896968940226486292
896968932802592799
896968948308930590
896968747087187999
896968944802467880
896968938297098281
896968944433373192
896968390466478112
896968943741325354
